-5.6977 161.078
89.858 152.461
-6.9276 158.825
95.3549 149.468
-7.5551 156.675
100.852 147.043
-7.5802 153.802
105.797 144.411
-7.6053 151.016
109.662 140.541
-8.2328 149.451
114.029 138.013
-7.6555 146.544
118.949 136.379
-7.6806 144.738
122.287 132.251
-7.0782 141.969
126.127 129.482
-6.4758 139.664
129.943 127.074
-5.8734 137.462
133.783 124.666
-5.2459 135.158
137.046 121.914
-4.016 132.165
140.409 118.766
-2.7861 129.843
143.748 116.014
-2.1586 127.899
146.986 113.64
-0.8785 125.698
150.274 111.215
1.0291 122.24
152.959 108.394
2.3092 120.073
156.097 107.001
3.6144 118.044
158.933 103.836
5.5973 114.81
161.569 101.532
7.5551 112.368
163.727 98.2808
8.8854 110.028
166.513 95.6664
10.8934 107.483
169.224 93.3272
12.9265 104.628
171.282 90.7816
14.9596 102.288
173.341 88.15
17.0178 99.8804
175.449 85.5184
19.1011 96.7156
177.557 82.6976
21.837 94.8924
179.59 80.4444
23.9203 91.8824
181.699 77.916
26.7064 89.526
183.883 75.2156
28.8148 86.5848
185.238 72.8936
31.626 83.936
186.568 70.6404
34.4121 81.6484
188.827 67.7852
37.2484 79.12
190.208 65.4116
40.1098 76.282
191.588 62.952
42.9963 73.4268
192.141 60.7848
45.9079 70.6748
193.596 58.1016
49.5223 68.886
194.249 55.642
52.5845 65.36
195.604 53.32
56.2491 63.2444
196.182 51.1012
60.0141 60.3376
196.834 48.5212
63.7289 58.2392
198.566 44.892
67.5943 54.868
198.114 43.602
72.0872 52.7352
198.742 41.1596
76.0028 49.7424
198.441 39.1816
80.5961 47.3688
198.34 36.4812
85.2647 44.5996
198.089 34.2796
89.9584 41.8304
197.964 31.562
94.7274 38.5796
196.734 29.9452
100.325 35.5008
194.65 28.5176
