0.4016 151.24
77.7096 130.634
-3.2881 152.065
81.6503 130.204
-6.3754 152.392
83.7336 129
-8.8352 152.616
85.1643 128.071
-11.2699 152.77
87.2727 126.902
-13.7297 153.046
89.3309 126.248
-16.1644 153.837
90.109 125.457
-18.5991 154.353
92.7947 125.164
-20.4565 154.439
94.8529 124.511
-22.3139 154.301
95.631 123.737
-24.1462 154.834
96.3589 123.307
-26.0036 154.817
98.392 122.842
-27.8359 155.505
97.7896 122.447
-29.0658 155.247
99.898 121.69
-30.8981 155.798
101.178 122
-32.128 155.471
101.404 120.486
-33.3579 155.677
102.107 120.211
-34.5878 155.471
102.86 119.557
-35.8428 155.35
103.538 119.506
-37.0476 155.643
103.638 118.869
-38.2775 155.78
104.316 118.749
-38.905 155.35
104.366 118.388
-40.1349 155.694
105.144 117.768
-41.3397 155.935
104.441 117.975
-41.9923 155.643
105.922 116.994
-42.6198 155.488
105.922 117.132
-43.2222 155.54
105.997 116.496
-43.8748 155.264
106.047 116.22
-45.0796 155.643
105.395 116.117
-45.1047 155.196
106.123 115.722
-46.3597 154.972
105.495 115.395
-46.3597 154.938
105.546 115.137
-46.9872 154.714
106.248 114.896
-47.6398 154.301
105.621 114.552
-47.6398 154.336
105.646 114.483
-48.2673 154.215
104.943 114.638
-48.2673 154.232
104.943 114.604
-48.3175 153.527
104.341 114.122
-48.9199 153.699
104.391 113.847
-48.9701 153.218
103.061 113.761
-48.9952 152.667
103.086 113.52
-48.9952 152.684
101.73 113.572
-49.0454 152.237
101.755 113.314
-49.0454 152.134
100.4 113.417
-49.0705 151.842
100.425 113.331
-48.4681 151.515
99.7976 112.987
-48.5183 151.05
97.6892 113.589
-48.5685 150.208
97.0366 113.382
-47.941 150.311
97.1119 112.97
-47.3135 150.242
95.7063 113.296
