-79.8933 59.426
-24.7988 57.4996
-82.077 58.91
-19.8792 57.1212
-87.599 60.544
-16.3652 57.7748
-90.4353 60.802
-11.4707 58.1532
-93.1963 61.7308
-7.279 58.4456
-96.0075 62.4704
-3.7901 59.168
-98.1159 62.866
-0.3012 59.512
-99.5466 62.7972
2.51 59.254
-100.927 63.21
5.3212 59.4088
-102.985 64.1388
8.1324 59.942
-103.688 64.1904
10.2157 60.544
-105.044 64.7752
12.3241 60.6472
-106.374 65.7212
14.4325 60.7848
-107.052 65.8588
16.5409 60.5096
-107.754 65.9276
18.6242 61.1632
-109.787 66.8048
20.7326 61.5072
-109.059 66.9596
22.841 61.6448
-110.44 67.3208
24.8992 62.4016
-111.042 67.94
26.2797 62.6768
-111.67 68.5248
28.3379 63.1412
-112.373 68.8344
29.6933 63.7432
-112.348 69.0064
29.7184 62.9348
-112.975 69.5396
32.4543 63.898
-113.653 69.9524
33.8348 64.2076
-113.653 70.004
35.1902 64.7236
-113.578 70.5028
36.5456 65.3256
-113.527 70.692
37.2484 65.2224
-113.427 71.5348
38.6038 65.7728
-113.427 71.4316
39.2815 65.9104
-113.301 72.3088
40.6369 66.2544
-113.276 72.4292
41.9923 66.908
-113.226 72.8764
42.67 67.1144
-112.473 72.9452
43.3477 67.2004
-112.348 73.9428
44.678 68.0432
-110.164 74.1148
44.6529 68.3356
-112.247 74.6308
46.0334 68.5936
-111.469 74.9404
46.0083 69.058
-110.691 75.3704
46.6609 69.6772
-109.938 75.7144
47.3888 69.4536
-109.888 75.9208
48.0414 70.004
-109.135 76.282
48.0163 70.6576
-108.382 76.7292
48.6689 71.2596
-106.951 76.8152
49.3466 71.6036
-106.851 77.4172
50.0243 71.9132
-105.37 77.916
49.9992 72.2228
-104.667 77.8988
49.9741 72.7044
-103.839 78.7932
49.949 73.0312
-102.433 78.8448
50.6016 73.6504
-100.952 79.3608
50.6016 73.8224
-100.174 79.8252
50.5765 74.0804
