-26.104 79.292
58.7842 76.0584
-30.873 80.3412
61.5201 76.1616
-35.6169 81.0292
64.9337 76.9184
-39.0054 81.4076
66.9919 77.1592
-43.0214 82.6804
69.7027 78.1912
-45.7573 83.2136
71.7107 79.0168
-49.7984 84.28
73.0912 79.0856
-52.4841 85.1228
74.4215 79.6876
-55.1949 85.6904
76.3793 81.0636
-57.9057 85.742
77.0821 81.012
-59.9137 86.344
78.3622 82.044
-61.8464 87.8232
79.0148 82.474
-63.8544 88.408
79.5921 83.3856
-65.8373 89.0788
80.2698 83.6092
-67.8202 89.9216
80.8722 84.5208
-69.8533 90.4204
80.822 84.796
-71.1334 91.2116
81.3491 86.258
-72.4386 92.0028
81.324 86.5504
-74.4466 92.3296
81.2738 87.0492
-75.7016 93.5336
81.2236 87.5308
-76.3542 93.9292
81.0981 88.4596
-77.6343 94.6688
80.4204 88.58
-78.9144 95.288
80.3451 89.1992
-79.5168 95.9932
79.6172 89.6464
-80.1694 96.4232
78.8391 90.5064
-80.7718 97.0768
78.061 91.1944
-82.0268 98.0228
77.3582 91.5212
-82.0017 98.2808
76.6554 91.7276
-82.6292 98.7796
75.9024 92.3984
-83.1814 99.7084
74.4215 93.7056
-83.1563 100.035
72.9908 94.428
-83.0308 101.033
72.3131 94.5312
-83.6332 101.618
70.1294 96.0792
-83.6332 101.721
68.7238 96.664
-83.5328 102.598
67.3433 97.0768
-82.7798 103.234
65.9377 97.7648
-82.7296 103.75
63.8544 98.4012
-81.9515 104.542
61.7209 99.7428
-81.8511 105.35
59.6878 100.156
-80.4204 106.176
57.6296 100.826
-79.7427 106.262
55.5965 100.981
-79.0148 106.692
52.8355 102.048
-77.6092 107.397
50.7773 102.718
-76.1785 108.257
47.3888 103.561
-74.7729 109.065
44.6529 104.542
-72.7398 109.375
41.2895 105.126
-71.3593 109.977
37.9261 106.176
-67.9708 110.39
33.9603 106.485
-66.4899 112.178
29.9694 107.294
-63.1767 112.11
24.6733 108.36
