0.4016 172.946
84.2858 150.93
-2.6104 173.066
86.3189 150.053
-5.5722 173.909
88.352 149.244
-7.9567 174.236
90.3851 148.47
-10.3412 174.752
91.7405 147.8
-12.7257 174.7
93.1461 146.957
-15.1102 175.406
95.1541 146.303
-16.8923 175.526
96.5095 145.753
-18.0971 175.096
97.2123 145.392
-21.0338 176.3
99.145 145.495
-22.2386 175.784
100.5 145.03
-24.0207 176.248
101.228 144.48
-25.7777 176.764
101.956 143.792
-26.9825 176.352
102.734 143.052
-28.7395 176.696
103.412 142.88
-29.9443 176.524
104.115 142.468
-31.124 176.868
104.818 142.296
-32.3037 177.091
105.52 141.934
-33.4834 176.764
105.571 141.522
-34.6631 177.194
106.299 141.04
-35.8679 176.954
107.026 140.576
-37.0225 177.521
107.102 140.197
-37.6249 177.04
105.771 140.283
-38.8548 176.954
107.127 139.991
-40.0345 177.229
107.855 139.44
-40.6369 177.143
107.202 139.544
-41.2393 177.057
107.252 139.114
-42.4441 176.902
108.005 138.563
-43.0214 177.298
108.081 137.961
-43.6238 177.263
108.156 137.617
-44.2513 176.954
107.403 138.219
-44.8537 176.868
107.478 137.703
-44.8788 176.575
107.503 137.548
-45.4812 176.455
107.528 137.342
-46.0585 176.696
106.926 136.964
-46.0836 176.541
106.926 136.946
-46.686 176.455
106.273 136.826
-47.3135 175.99
106.324 136.516
-47.3135 175.922
106.349 136.379
-47.3135 175.853
105.696 136.224
-47.9661 175.423
105.044 136.258
-47.9912 174.855
104.391 136.138
-47.9912 174.907
103.738 136.155
-47.9912 174.993
103.086 135.983
-47.9912 174.769
102.408 136.19
-48.0163 174.356
101.755 136.155
-48.0414 173.926
101.128 135.966
-48.0665 173.548
100.526 135.725
-47.4641 173.668
99.145 136.155
-47.5143 172.98
98.5175 136
