68.774 -49.278
144.375 -59.0304
62.1476 -47.2312
146.684 -57.7404
55.5212 -45.0984
148.09 -56.0376
49.7482 -42.5872
149.546 -54.696
44.0505 -40.1276
150.851 -52.5976
40.0345 -38.6312
150.675 -51.5656
35.1651 -35.8448
151.328 -50.396
30.371 -33.626
151.002 -48.5556
25.602 -31.4072
150.801 -47.3688
20.8079 -28.3284
150.525 -45.7004
17.6453 -27.692
150.198 -43.8772
13.6795 -25.112
149.872 -41.9852
9.7388 -22.8416
148.768 -40.3856
5.8483 -21.1388
147.638 -38.6484
2.7108 -19.4188
147.262 -36.4296
-0.3765 -17.8192
145.304 -34.6408
-4.2168 -15.1016
145.028 -33.0068
-7.2539 -13.1924
143.12 -31.5448
-9.5129 -11.6788
141.84 -28.896
-13.303 -9.374
140.058 -27.9156
-16.2899 -7.6196
138.903 -25.9204
-18.5489 -5.9168
136.996 -24.3552
-21.5107 -3.8528
135.063 -22.532
-23.7195 -1.548
133.156 -20.8636
-26.7315 0
130.42 -18.9888
-28.9403 1.978
128.537 -17.286
-31.124 3.6292
125.826 -15.4112
-33.3328 5.332
123.868 -13.0892
-35.4914 7.2068
121.308 -11.8508
-36.897 9.1332
118.698 -10.062
-39.0556 10.8876
116.037 -7.998
-41.2142 12.6248
113.402 -5.8996
-42.6198 14.0868
110.817 -4.1624
-44.7282 16.0992
107.478 -2.5628
-45.3557 18.1632
104.918 -0.9632
-47.5394 19.1264
101.479 1.4792
-48.1418 21.7924
98.0908 3.7496
-49.5725 22.962
94.8027 5.676
-50.953 24.5788
91.5146 7.8604
-51.6056 26.4192
87.5237 9.6148
-52.2331 28.294
83.4575 12.212
-53.5885 29.9624
80.3702 13.0548
-59.2109 33.454
75.551 16.168
-57.73 33.8152
71.6354 17.802
-58.3324 35.69
66.9668 20.4336
-53.9148 36.3436
63.1767 21.4828
-54.5172 38.0808
57.0021 25.0088
-52.961 39.3536
52.459 26.6256
-52.8857 40.4028
47.1629 28.8788
-52.0825 41.796
41.1891 31.304
